80 2000
32 54
14 74
21 28
4 36
29 44
33 41
16 47
2 78
41 57
12 59
17 64
20 75
41 74
49 58
39 70
20 58
25 49
32 77
14 77
1 40
57 59
21 37
4 35
7 22
48 77
36 41
2 73
61 63
12 50
42 67
45 54
49 51
3 11
25 58
45 71
32 68
33 74
1 33
26 31
7 15
48 68
29 62
33 59
16 29
2 64
5 53
26 74
9 50
12 41
17 50
24 28
45 47
49 52
0 5
45 64
38 40
70 72
1 58
26 34
29 55
9 59
12 32
17 43
37 56
10 26
27 52
52 79
0 28
8 76
33 68
1 51
4 24
26 45
33 53
73 78
54 56
5 39
61 74
9 60
30 49
51 76
34 44
17 44
6 78
67 76
0 19
50 63
14 41
71 72
1 52
21 57
4 7
31 69
26 52
46 51
12 71
36 77
2 45
58 62
22 40
61 67
30 56
52 77
17 37
37 42
6 65
30 75
13 49
55 65
38 59
9 58
50 54
18 79
21 66
4 14
26 63
37 66
15 64
10 55
31 64
18 55
38 50
14 59
1 6
21 75
22 75
46 61
2 63
22 58
5 18
30 42
34 57
17 23
0 73
23 25
6 51
10 62
31 73
38 53
43 58
64 69
18 65
22 66
43 75
15 33
19 34
22 61
5 27
62 68
27 34
30 45
34 48
0 64
55 63
6 42
10 57
31 54
35 51
18 41
38 44
43 51
65 66
1 16
43 64
46 79
47 71
15 46
19 43
2 49
62 79
27 59
34 75
0 71
3 50
25 65
6 45
10 32
50 75
31 63
35 56
18 32
38 39
3 67
8 22
39 60
44 73
47 76
15 55
19 48
24 37
5 13
9 74
30 31
34 66
23 36
6 36
10 43
36 58
18 27
74 76
3 72
8 29
7 63
28 64
11 56
11 59
14 23
39 53
13 40
7 76
54 57
15 60
19 57
10 67
47 58
23 61
6 31
13 71
35 38
75 79
40 59
4 65
7 52
29 71
53 65
17 72
44 63
7 69
48 58
56 74
2 26
24 51
10 74
52 62
0 44
56 57
20 39
3 41
59 68
23 58
6 22
28 39
31 42
35 47
13 67
60 61
8 11
7 45
11 54
16 59
34 70
53 74
36 54
39 43
44 54
12 15
19 71
24 58
35 71
0 35
20 46
3 46
60 69
23 51
32 57
38 67
4 55
7 42
11 47
16 50
16 65
19 76
20 70
0 58
23 72
28 53
32 48
4 62
8 57
16 41
1 78
9 30
12 61
15 16
20 77
41 64
66 72
13 26
39 71
0 49
20 60
3 28
23 65
32 55
14 75
39 65
42 74
29 43
33 40
16 32
2 79
41 56
17 71
66 67
49 57
13 19
0 8
20 59
3 5
25 48
45 77
32 78
53 61
1 47
21 36
4 44
7 17
29 36
16 39
2 70
12 51
17 56
37 53
42 64
45 53
49 50
0 15
25 57
45 70
33 73
57 67
21 45
4 43
48 69
11 75
33 58
16 30
2 65
41 42
5 52
26 75
12 42
51 65
36 60
17 49
37 62
76 79
45 46
10 16
27 53
0 6
8 70
33 66
70 73
1 57
57 68
21 54
4 18
26 35
11 64
16 21
22 31
5 61
27 64
12 33
37 39
42 50
36 50
13 62
14 39
1 50
21 63
4 25
26 42
12 73
33 52
73 77
36 71
5 38
9 35
51 79
52 71
17 35
42 61
6 79
67 79
30 65
13 55
27 65
14 46
71 75
1 11
58 76
26 53
12 64
36 78
2 42
58 63
22 41
5 47
61 66
9 36
52 78
37 41
6 70
10 13
55 64
38 56
64 72
50 55
14 49
1 12
21 65
4 15
26 60
46 59
37 65
22 32
5 40
9 45
30 32
34 63
42 47
6 57
10 52
18 52
38 51
11 31
14 56
18 71
1 5
21 74
46 66
51 53
19 28
2 60
22 59
5 17
15 72
0 74
19 23
24 64
6 48
10 63
49 72
31 72
40 64
65 72
11 20
1 30
22 67
43 74
46 69
51 58
15 32
2 55
5 26
0 65
55 62
49 65
35 50
18 38
40 71
8 16
11 13
1 23
29 64
43 67
15 41
19 42
22 53
9 64
47 55
34 72
3 53
24 78
25 64
10 33
50 72
40 78
8 23
28 74
39 63
47 79
9 65
5 12
27 51
47 60
34 67
3 58
59 73
23 39
6 37
13 77
18 24
74 77
40 53
3 75
8 30
7 62
27 70
31 43
26 27
31 38
68 79
69 71
56 68
10 64
52 70
20 25
3 35
23 60
6 28
28 41
31 44
75 78
4 66
7 55
11 48
53 64
39 45
7 68
48 59
56 75
2 27
10 75
52 63
35 65
20 32
59 71
60 79
23 53
6 23
28 32
25 71
35 46
4 73
60 62
8 12
11 41
16 60
53 73
54 73
39 42
44 55
48 50
25 42
16 75
2 18
0 36
20 47
3 17
23 50
4 48
8 51
16 51
36 62
44 46
9 20
16 66
19 79
20 71
27 31
35 79
20 54
3 22
23 75
28 54
14 65
42 77
11 39
16 42
36 37
1 77
41 54
12 62
15 19
20 78
66 73
13 25
0 50
3 31
25 46
32 72
14 72
39 64
48 72
29 42
36 44
1 70
41 63
26 70
15 24
42 70
45 59
13 18
0 9
3 4
25 55
38 42
53 60
1 46
16 24
36 43
2 71
15 28
26 65
9 15
12 44
17 63
37 52
42 65
45 52
10 22
8 64
45 69
32 70
33 72
1 39
57 66
21 44
4 20
8 47
48 70
16 31
72 76
5 51
26 72
9 48
12 43
51 64
37 61
24 30
10 17
54 79
8 71
70 78
1 56
21 53
4 19
26 32
11 67
16 22
73 75
27 67
51 73
17 41
77 79
5 77
13 61
0 30
8 78
71 77
1 49
57 76
4 26
26 43
36 64
22 23
30 55
34 42
37 47
42 58
67 78
13 54
0 21
29 76
14 47
58 77
26 50
46 49
12 65
37 71
58 60
22 46
61 65
9 43
30 62
34 37
17 27
37 40
30 73
13 47
18 58
55 67
64 73
14 54
18 77
21 64
4 8
26 61
23 76
37 64
2 34
9 44
15 66
19 20
6 62
31 66
18 53
25 29
38 45
14 57
18 68
1 4
21 73
51 52
19 31
22 56
5 16
40 44
30 40
15 75
0 75
24 65
23 27
38 43
43 60
11 23
1 29
51 61
15 35
19 36
22 51
62 74
27 36
34 78
0 66
55 57
10 39
49 64
54 70
31 48
35 53
40 72
43 53
8 17
28 76
1 22
44 76
46 77
15 40
24 32
27 61
3 52
23 41
6 35
50 73
40 79
8 24
14 18
39 62
44 75
47 78
12 28
24 39
10 70
47 63
52 69
23 38
6 26
10 41
13 76
18 25
40 54
3 74
4 68
8 31
11 51
28 66
11 58
14 21
53 70
39 55
44 66
7 78
69 70
24 46
10 65
59 65
23 63
67 77
32 45
23 46
35 40
40 61
4 67
7 54
29 69
14 28
53 79
21 22
7 71
48 60
12 18
56 76
19 64
24 53
10 72
52 56
35 64
0 46
56 59
20 33
59 70
6 20
32 36
38 78
60 63
8 13
7 47
11 40
16 61
53 72
9 18
7 79
29 68
69 72
16 76
2 19
24 60
21 31
20 40
25 35
6 15
32 59
26 30
38 65
39 77
4 49
42 76
16 52
36 63
1 75
44 47
9 27
15 21
19 78
20 64
13 31
20 55
32 50
39 74
7 29
63 64
16 43
36 38
1 76
41 53
15 18
20 79
66 70
0 51
20 62
3 30
21 25
4 39
63 73
48 73
33 46
16 34
15 29
26 71
15 27
41 79
42 71
45 58
49 63
13 17
34 38
0 10
45 75
32 64
53 59
1 45
21 34
4 46
8 41
48 64
16 25
12 45
17 62
42 78
11 79
10 23
0 1
3 12
32 71
1 38
7 8
29 59
33 56
22 26
5 50
26 73
51 67
17 55
24 31
5 67
0 24
8 72
27 79
1 63
57 74
21 52
4 28
26 33
11 66
12 76
16 23
73 74
22 29
5 59
9 56
51 72
77 78
42 48
5 76
6 74
10 25
67 72
19 22
21 24
0 31
55 76
29 77
14 37
71 76
1 48
58 67
26 40
12 75
5 36
9 33
30 71
0 22
55 69
14 44
1 9
58 74
46 54
12 66
23 77
36 72
2 40
5 45
61 64
9 42
30 63
17 26
6 68
30 78
13 46
18 59
25 27
64 74
11 24
50 53
14 55
21 79
4 9
26 58
29 31
37 79
2 35
22 38
5 22
17 19
6 63
10 50
13 39
18 50
64 65
11 17
18 69
1 27
21 72
22 78
46 64
51 55
15 37
37 72
2 58
5 31
27 46
30 41
34 52
17 20
0 76
24 66
23 26
6 54
29 50
31 74
40 66
65 78
1 28
22 65
43 76
46 75
51 60
15 34
19 39
2 53
22 48
5 24
34 79
59 61
13 70
10 36
49 71
50 79
31 51
18 36
40 73
43 52
8 18
65 71
27 68
1 21
43 69
44 77
15 43
9 70
47 49
34 46
20 21
23 40
6 32
10 47
31 56
18 31
3 68
43 45
8 25
39 57
44 68
12 29
19 53
2 7
5 10
9 79
47 62
34 65
20 28
3 60
23 33
6 27
28 44
13 75
74 75
40 55
3 77
4 69
7 56
28 67
11 61
14 26
53 69
39 54
7 73
12 20
68 73
15 57
56 70
24 47
10 78
37 76
59 64
6 18
28 43
32 46
13 68
35 43
40 62
7 49
11 50
7 70
69 78
56 77
19 67
2 25
24 54
10 73
52 57
0 47
56 60
20 34
3 42
6 21
28 34
38 79
24 25
11 43
36 49
44 49
9 17
19 72
2 16
24 61
20 41
60 64
25 34
32 60
38 70
39 76
4 50
8 53
7 39
11 32
36 56
41 51
16 68
17 74
20 65
66 76
13 30
0 61
3 24
23 69
6 7
14 71
39 69
63 67
36 39
1 67
41 52
12 56
17 67
20 72
41 69
66 71
27 48
13 23
52 67
0 52
14 78
1 43
39 66
4 32
8 35
63 72
48 74
33 45
41 61
12 55
15 26
41 78
45 57
13 16
0 11
3 6
25 53
32 65
25 74
53 58
1 44
57 63
21 33
48 65
16 26
2 69
26 79
12 46
17 61
37 50
42 79
45 50
10 20
0 2
3 15
25 62
8 66
69 73
28 29
33 78
1 37
57 64
21 42
7 11
29 58
16 17
72 78
22 27
5 49
9 54
12 37
37 59
42 54
5 66
10 31
39 67
0 25
33 71
70 76
1 62
57 73
26 46
11 69
12 77
33 48
5 58
27 69
30 50
51 75
17 47
42 49
5 75
6 75
67 75
0 16
70 71
71 79
1 55
21 60
26 41
36 66
2 46
5 35
61 70
9 32
30 53
34 40
17 32
37 45
6 66
62 63
55 68
38 47
50 59
14 45
1 8
58 75
21 69
26 48
12 67
54 55
37 69
22 44
5 44
30 79
31 71
38 63
25 26
64 75
21 78
4 10
26 59
46 62
19 24
2 32
30 39
17 18
23 28
29 51
10 51
54 64
31 76
18 51
38 54
64 66
14 63
18 66
1 26
22 79
15 36
19 33
2 59
22 62
5 30
27 33
30 46
34 53
0 77
24 67
31 45
49 77
31 53
18 42
43 62
65 77
1 19
43 79
46 72
51 63
15 45
2 50
22 49
5 7
34 76
55 59
3 49
59 60
24 74
6 46
49 70
50 76
31 50
35 55
18 37
40 74
43 55
8 19
11 49
65 70
11 14
1 20
43 68
44 78
47 67
47 48
34 71
3 54
6 33
10 44
50 71
25 66
18 28
40 49
3 71
8 26
28 69
39 56
44 69
12 30
56 64
19 52
24 41
5 9
9 78
10 68
47 57
37 77
20 29
59 74
23 32
32 40
13 74
35 37
40 56
3 76
7 59
29 74
14 27
53 68
15 56
56 71
2 31
24 48
10 79
20 36
3 36
59 67
23 57
32 47
31 41
15 76
40 63
8 58
4 77
7 48
11 53
53 77
39 46
44 59
7 65
69 77
56 78
19 66
52 58
20 35
60 74
23 54
28 35
32 38
38 76
7 41
11 42
16 63
54 76
44 50
9 16
48 53
19 75
2 17
0 39
20 42
25 33
28 58
32 61
38 71
8 54
7 38
63 69
11 35
16 54
36 57
1 73
17 77
15 23
41 67
66 77
13 29
52 66
20 49
23 68
28 49
32 52
14 68
53 55
39 68
4 58
8 61
7 31
63 66
33 43
1 66
41 59
17 66
20 73
41 68
11 77
13 22
25 51
32 75
1 42
21 39
4 33
8 36
7 20
63 75
48 75
29 39
33 44
16 36
2 75
41 60
26 69
12 48
23 64
17 59
42 69
31 37
45 56
13 15
0 12
3 9
32 66
53 57
1 35
21 32
4 40
7 13
29 32
16 27
5 55
26 76
9 12
12 47
17 60
37 49
24 26
45 49
10 21
49 54
21 26
3 14
25 61
29 79
28 30
33 77
1 36
21 41
26 36
29 57
33 62
16 18
72 79
22 24
5 48
9 53
51 69
17 53
37 58
42 55
5 65
10 28
0 26
33 70
14 32
57 72
58 70
21 50
4 30
11 68
12 78
33 55
54 58
5 57
61 76
9 62
52 68
42 62
5 74
30 66
55 78
40 68
14 43
1 54
26 54
54 61
2 47
17 70
22 42
5 34
61 69
9 39
30 58
34 41
17 39
42 57
10 14
27 54
30 69
13 51
18 62
55 71
50 56
14 50
1 15
21 68
4 12
36 74
58 59
52 74
17 24
6 58
31 70
18 57
38 60
11 26
23 34
14 53
18 72
4 11
46 63
26 29
19 27
2 33
27 43
34 59
32 42
10 48
13 37
18 48
43 56
18 67
22 76
43 73
15 39
19 32
5 29
9 67
0 78
24 68
6 52
49 76
35 49
18 43
38 46
43 49
11 62
65 76
1 18
22 71
43 78
46 73
47 69
51 62
15 44
19 41
22 54
5 6
27 57
0 69
59 63
24 75
25 67
10 34
49 69
50 77
35 54
3 65
13 60
43 54
8 20
28 79
44 79
47 66
68 69
19 46
24 35
5 15
27 62
34 68
20 23
50 68
31 58
18 29
74 78
40 50
3 70
43 47
8 27
7 61
14 17
26 28
12 31
68 76
15 50
19 55
2 5
5 8
9 77
10 69
20 30
3 62
59 77
25 77
28 46
32 41
13 73
35 36
75 77
40 57
3 79
4 71
29 73
53 67
44 61
7 75
48 56
12 22
68 75
15 59
56 72
2 28
10 76
52 60
0 42
3 39
59 66
60 76
6 16
28 37
31 40
35 45
38 74
7 51
11 52
16 57
53 76
54 74
13 38
44 52
7 64
69 76
56 79
19 69
2 23
24 56
52 59
0 33
56 62
3 44
23 49
28 60
4 53
8 48
7 40
11 45
16 48
17 78
9 23
48 54
16 79
19 74
9 68
35 74
0 56
20 43
3 21
25 32
32 62
14 66
39 78
4 60
8 55
7 33
11 34
16 55
54 68
1 72
9 24
16 70
15 22
66 74
0 63
20 50
25 41
28 50
32 53
14 69
53 54
21 29
8 62
1 65
41 58
17 65
20 74
45 62
49 59
13 21
20 57
32 76
53 63
1 41
4 34
8 37
7 23
48 76
12 49
17 58
42 66
13 14
21 27
0 13
3 8
25 59
45 72
32 67
33 75
53 56
21 47
4 41
7 12
29 63
16 28
5 54
26 77
9 51
12 40
76 77
24 27
45 48
10 18
0 4
25 60
28 31
70 75
1 59
57 70
21 40
44 70
11 78
33 61
16 19
41 45
22 25
5 63
9 52
12 39
17 52
37 57
67 68
8 75
14 33
1 60
58 71
26 44
29 49
12 79
33 54
36 69
15 25
5 56
61 75
27 71
34 47
17 45
5 73
6 73
27 55
0 18
15 68
7 43
50 62
14 40
1 53
58 78
21 58
4 6
26 55
46 50
36 76
2 44
22 43
5 33
61 68
9 38
52 76
17 38
37 43
30 74
13 50
50 57
14 51
1 14
58 73
21 67
4 13
26 62
36 75
22 34
5 42
52 75
15 65
6 59
10 54
30 77
31 65
18 54
38 61
9 57
18 73
1 7
22 74
26 57
46 60
19 26
2 62
22 37
30 37
34 56
15 78
0 72
23 30
10 49
49 74
31 78
64 68
11 18
27 29
18 64
46 71
51 56
15 38
19 35
2 57
22 60
62 71
30 44
0 79
55 60
24 69
49 67
31 55
35 48
18 40
40 69
13 32
1 17
22 68
46 78
47 68
25 39
15 47
2 48
22 55
27 56
47 53
34 74
0 70
3 51
59 62
23 44
6 44
10 35
49 68
50 74
31 60
35 57
8 21
28 72
14 15
39 61
43 70
44 72
68 70
2 11
24 36
9 75
34 69
3 56
23 37
6 39
50 69
13 79
35 62
3 73
43 46
8 28
11 57
14 22
39 58
44 71
7 77
12 24
68 77
56 66
19 54
24 43
9 76
47 59
20 31
3 33
59 76
25 76
6 30
54 69
13 72
18 21
75 76
40 58
3 78
29 72
53 66
39 51
31 77
7 74
12 23
15 58
56 73
19 63
24 50
10 77
20 38
3 38
59 69
60 77
28 38
13 65
35 44
38 75
4 79
8 10
7 50
29 65
54 75
39 40
7 67
12 14
69 75
16 73
2 20
24 57
52 64
35 68
0 34
23 48
6 8
32 56
8 49
29 66
54 66
16 64
19 77
29 61
0 57
20 52
23 73
28 52
32 63
40 47
39 73
8 56
7 32
63 71
36 59
41 48
78 79
9 31
12 60
20 76
41 65
66 75
19 30
20 51
3 29
23 70
