200
38 57
238 255
855 872
365 370
450 462
853 853
142 143
537 538
945 950
997 997
976 987
655 661
457 460
881 881
725 743
446 456
840 847
907 924
611 628
456 463
533 551
223 230
597 601
212 223
578 584
629 633
279 284
388 397
329 345
331 335
114 130
928 930
652 656
337 353
598 610
97 110
683 686
260 262
747 762
871 875
673 685
819 823
239 245
804 821
23 38
533 546
20 34
983 984
624 629
569 579
167 183
249 265
619 626
700 703
922 936
811 813
565 576
119 126
50 50
334 342
524 541
46 57
458 470
530 544
581 596
667 667
814 816
976 983
823 837
768 772
824 825
807 823
726 729
640 642
47 47
747 755
113 116
759 762
891 905
361 374
572 583
254 264
19 33
821 823
910 922
248 264
911 926
436 455
388 403
447 447
854 867
755 756
204 211
816 832
1 8
214 225
83 102
674 680
14 33
665 682
560 572
875 875
86 96
522 535
455 472
468 485
775 776
940 957
743 744
616 618
147 159
391 394
132 147
65 71
175 194
27 40
53 60
482 484
701 705
456 461
591 610
814 827
794 808
65 83
577 580
888 902
208 213
676 693
334 351
120 125
630 642
372 377
966 967
157 166
859 869
575 575
364 370
693 710
415 424
992 992
81 97
311 330
978 992
958 976
136 139
258 261
723 726
803 809
9 19
475 477
578 589
854 858
102 116
35 47
54 56
298 315
1 16
126 143
232 235
532 537
588 594
453 466
478 486
529 536
727 741
572 584
857 858
910 929
806 816
93 100
112 125
126 141
912 917
364 364
426 429
336 346
801 811
937 939
135 146
701 709
192 192
609 628
680 698
998 999
234 250
77 78
203 213
101 110
222 224
314 315
536 555
711 712
487 506
199 214
687 698
113 118
149 155
234 253
943 950
551 563
