70 1200
22 57
11 68
62 64
33 55
23 60
30 41
4 36
28 41
6 9
8 63
32 44
31 44
29 44
35 41
27 68
19 48
4 66
1 64
17 46
41 57
11 48
18 45
12 59
15 30
39 45
0 17
48 59
31 42
45 61
49 58
13 20
19 65
0 55
14 43
20 58
25 49
15 34
21 59
2 55
3 45
35 65
22 48
3 40
27 39
57 59
15 48
21 37
4 35
28 32
32 35
22 42
5 34
29 37
59 61
6 41
36 41
10 36
52 67
61 63
35 52
18 36
42 57
6 67
12 50
36 55
43 52
52 59
30 69
13 51
18 19
9 19
45 54
1 21
2 18
0 14
24 59
14 50
47 64
3 11
4 12
19 44
26 49
32 68
20 47
3 17
10 61
23 50
21 46
26 31
37 68
8 45
22 45
5 43
29 62
3 55
33 59
6 32
30 61
4 48
10 47
41 43
31 56
11 46
18 31
24 60
16 51
40 48
36 62
43 45
8 25
13 44
3 33
18 57
50 64
14 19
38 60
8 19
45 47
16 66
50 63
44 68
12 29
27 31
8 69
45 64
19 53
48 65
18 59
33 67
5 10
53 64
3 22
27 53
1 58
25 37
47 62
19 27
34 65
26 34
20 28
51 62
23 33
6 27
46 62
28 44
8 58
41 44
31 33
5 62
0 30
27 65
23 31
4 69
13 37
28 67
11 61
42 53
14 26
38 55
53 69
10 26
64 67
27 66
1 57
14 60
8 13
18 67
2 30
0 50
24 47
14 38
3 31
51 57
25 46
58 68
21 48
4 24
2 56
26 45
0 40
22 63
4 44
3 37
59 64
33 53
6 18
21 26
54 56
9 13
32 46
31 46
35 43
9 60
24 68
16 33
40 62
34 44
31 52
0 68
35 49
6 33
22 65
14 29
11 64
15 24
27 34
17 20
44 58
0 19
48 61
1 18
30 65
2 25
0 9
14 41
3 4
1 52
25 55
21 57
19 41
52 57
35 67
25 66
12 57
3 42
27 57
23 55
6 21
21 35
4 45
38 64
2 45
8 40
7 16
22 40
5 32
29 35
9 37
25 67
6 47
34 39
8 14
7 46
16 24
37 42
58 65
18 34
22 31
12 44
13 60
43 54
8 20
13 49
50 68
44 49
18 60
42 65
55 65
14 15
10 22
26 50
32 33
47 66
17 37
68 69
1 13
25 56
21 66
45 69
56 58
0 38
5 15
20 41
40 52
57 66
6 12
4 20
19 20
2 36
7 9
22 35
19 24
9 46
33 57
16 31
40 44
30 35
4 50
10 45
17 30
7 39
31 58
47 51
9 48
10 55
43 47
8 27
7 61
13 42
37 61
24 30
5 68
58 59
36 67
10 17
16 68
15 20
11 28
26 28
0 7
10 12
0 25
12 31
2 10
56 65
19 55
2 5
0 61
33 65
46 61
10 69
25 43
47 56
28 48
52 53
26 32
32 51
22 58
5 18
29 53
3 62
29 33
33 50
16 22
6 25
30 42
4 57
7 28
31 35
34 58
9 57
16 44
1 67
63 67
41 52
38 69
11 63
42 51
14 24
38 53
53 67
43 58
15 29
64 69
13 61
11 21
41 69
30 45
12 22
18 65
1 31
15 59
13 23
0 52
24 49
46 68
51 58
11 39
51 59
25 44
58 66
21 62
7 33
19 34
2 54
26 43
0 42
5 27
20 37
62 68
59 66
1 43
23 56
6 16
21 24
36 64
34 48
18 58
22 23
37 64
35 45
26 67
2 34
30 55
10 57
52 64
17 34
41 61
29 66
26 68
42 58
38 44
15 26
39 41
0 21
42 68
48 63
28 66
45 57
1 16
49 62
2 23
0 11
14 47
25 53
19 43
2 49
8 18
32 65
56 62
3 44
14 21
1 44
57 63
8 42
4 14
5 46
7 25
33 38
23 47
11 15
4 53
10 32
27 35
8 48
7 40
31 63
35 56
18 32
16 48
38 39
8 55
36 51
17 61
31 69
9 23
24 25
38 57
46 58
49 55
20 68
0 2
14 54
3 15
1 3
25 62
21 64
4 8
28 29
26 61
0 56
24 37
46 56
20 43
8 10
27 48
1 37
47 61
21 42
4 22
28 59
34 66
28 30
5 23
9 67
3 59
33 63
23 36
38 68
4 60
10 43
17 28
41 47
31 36
37 66
11 34
51 66
16 55
6 62
10 53
41 49
31 66
37 59
9 24
5 66
25 29
13 40
30 44
13 21
56 69
12 25
18 68
1 4
13 28
2 3
24 44
20 50
10 67
16 41
26 46
32 53
22 56
29 51
3 32
14 23
13 67
30 40
4 59
34 55
5 38
7 30
31 45
27 69
24 65
16 46
10 60
41 58
11 49
42 49
38 43
53 65
0 36
43 60
17 65
13 59
65 69
48 58
12 16
1 29
66 69
49 59
22 64
2 26
14 42
51 61
25 50
44 64
19 36
2 52
26 41
0 44
56 57
50 66
3 41
27 36
57 60
23 58
4 34
63 64
2 46
8 37
0 66
13 64
55 57
29 38
7 17
16 37
36 40
60 61
34 40
17 32
7 45
26 66
18 39
42 56
43 53
17 58
30 68
13 52
37 55
11 12
17 48
7 66
42 66
55 68
12 15
41 51
49 60
34 37
40 69
43 66
39 40
50 59
5 37
4 37
25 59
2 15
26 48
0 35
24 36
3 46
27 61
60 69
57 61
47 54
21 47
54 55
28 62
8 44
22 44
48 67
3 52
9 41
33 36
40 42
40 41
30 60
4 55
10 46
17 25
5 54
11 47
3 29
9 51
16 50
6 69
36 61
8 24
13 45
44 45
18 56
24 27
14 18
38 63
45 48
0 34
25 26
11 27
0 4
12 28
8 68
28 31
2 6
31 37
43 67
3 47
3 23
1 59
25 38
6 52
4 16
28 53
2 32
60 68
14 64
3 61
33 61
16 19
6 26
30 39
41 56
10 41
6 8
17 18
7 35
54 60
9 52
13 17
23 28
6 60
12 39
19 66
37 57
11 58
18 51
5 64
12 61
15 16
23 66
11 16
17 50
23 61
14 63
12 27
11 65
15 62
13 26
21 29
13 30
3 28
25 47
21 49
4 31
19 33
2 59
22 62
29 49
33 54
23 63
8 62
36 69
28 42
34 53
32 45
13 69
35 40
9 61
16 32
30 48
10 58
7 54
31 53
29 69
18 42
9 30
38 41
12 52
21 22
15 25
13 57
44 57
0 18
12 18
23 69
23 27
19 64
0 8
14 40
3 5
25 48
4 6
7 55
35 64
0 46
56 59
5 7
3 43
1 47
57 58
21 36
26 30
28 33
9 12
32 36
22 43
3 49
9 38
16 39
6 46
10 37
22 51
17 38
7 47
4 33
26 64
18 37
16 61
6 64
12 51
10 15
43 55
17 56
7 64
11 14
18 63
42 64
1 20
58 63
43 68
50 57
7 19
14 51
47 67
23 41
15 42
21 67
13 46
2 13
21 31
24 34
20 40
61 66
1 32
25 35
47 48
21 45
7 14
5 42
34 69
25 69
40 43
2 65
17 31
55 56
31 59
11 33
51 56
22 28
46 63
54 65
43 44
31 65
37 62
9 27
24 29
5 69
38 61
45 46
23 39
16 67
11 29
44 69
0 6
16 64
49 68
1 7
15 51
56 64
46 60
20 55
46 50
10 68
25 36
47 57
4 18
5 19
29 54
33 51
30 37
28 45
34 56
8 59
32 40
31 32
5 61
35 37
27 64
16 43
40 56
10 49
17 42
41 53
9 28
42 50
31 47
12 63
29 55
15 18
40 54
11 18
44 60
2 44
12 21
18 64
35 60
16 65
2 31
0 51
24 48
15 54
3 30
1 50
25 45
58 69
21 63
4 25
2 57
22 60
59 67
33 52
23 57
39 67
54 57
28 36
34 51
31 41
55 60
29 41
35 42
1 55
33 46
30 54
1 69
34 45
49 67
7 48
29 67
35 48
39 48
63 65
38 47
12 54
16 20
43 48
15 27
39 46
65 67
23 49
7 65
48 62
22 68
0 20
43 65
50 60
24 55
14 46
38 65
3 7
15 47
16 42
52 58
22 55
20 35
24 40
27 56
1 45
23 54
21 34
4 46
28 35
2 42
8 41
32 38
22 41
12 68
29 34
3 51
59 62
23 44
6 44
10 35
34 36
17 36
37 41
11 42
35 57
18 35
16 63
10 13
8 21
13 48
37 51
44 50
18 61
22 66
55 64
8 9
45 51
10 23
39 61
0 1
14 49
1 12
25 63
8 65
4 15
19 49
26 60
7 23
46 59
15 52
28 54
27 49
1 38
25 33
47 50
14 36
2 37
7 8
29 59
3 56
9 45
23 37
40 45
4 51
34 63
17 29
50 69
63 69
5 50
11 35
35 62
18 26
42 47
40 51
10 52
8 28
7 60
13 41
11 57
39 54
14 22
38 51
10 30
25 30
15 23
22 67
11 31
0 24
12 24
59 69
1 5
15 61
56 66
19 54
52 66
33 64
14 34
49 64
23 68
4 28
2 60
22 59
5 17
11 66
53 55
27 44
33 49
23 34
6 30
28 47
63 66
35 39
9 56
51 69
23 24
40 58
4 64
41 59
13 34
0 15
17 53
18 47
32 61
38 42
53 66
41 48
10 25
39 51
19 22
39 66
41 68
59 63
48 57
28 65
12 23
54 62
66 68
13 22
2 29
7 43
46 69
1 48
25 51
58 67
19 37
52 61
22 50
14 20
1 42
6 17
21 39
5 25
55 63
7 20
13 65
55 62
35 44
9 33
16 36
10 39
26 55
36 47
34 43
49 65
44 54
37 46
1 51
16 58
38 45
15 67
59 68
43 50
17 59
25 42
44 53
48 49
55 69
45 56
1 23
19 68
2 20
0 12
1 68
25 52
15 41
26 27
9 55
26 51
32 66
56 63
41 65
20 45
49 66
27 58
57 67
57 62
47 55
21 32
4 40
6 15
58 61
29 32
9 42
33 37
30 63
20 27
10 33
2 66
15 68
11 52
31 62
11 44
2 21
18 33
16 49
10 11
8 23
31 68
37 49
9 22
55 66
10 21
25 27
39 63
39 64
50 53
56 68
14 55
3 14
27 29
1 2
3 8
8 67
4 9
19 51
15 32
19 29
29 31
3 20
25 39
47 60
21 41
19 25
34 67
26 36
32 63
22 38
34 38
29 57
27 41
33 62
13 68
6 37
30 38
10 40
31 39
5 48
42 45
23 29
6 63
36 59
10 50
8 30
7 62
37 58
9 31
5 65
8 52
32 67
25 28
41 42
1 33
44 65
0 26
14 62
12 26
18 69
1 27
13 27
19 56
33 42
0 48
46 64
20 66
1 61
25 40
4 30
19 30
2 58
