20 99
1 17
0 7
13 17
1 3
1 6
3 7
2 5
4 19
14 18
10 18
0 17
12 17
8 15
4 10
9 14
7 10
5 11
4 16
9 16
6 8
3 12
1 12
8 18
6 13
18 19
9 19
15 16
8 9
6 14
7 15
1 16
1 5
3 6
14 19
5 17
10 19
7 18
12 18
13 19
2 7
4 6
4 17
3 15
6 10
8 13
4 8
10 15
11 14
9 18
15 19
2 19
0 15
3 10
1 14
8 10
4 13
2 13
9 11
8 16
6 18
12 14
13 15
3 9
2 3
2 14
14 16
10 16
0 19
7 13
12 19
0 6
1 7
0 9
2 4
4 7
5 6
4 18
5 19
0 16
4 9
2 9
9 15
5 12
15 18
11 18
3 13
1 13
8 11
4 14
9 10
5 15
3 19
8 17
11 12
15 17
13 14
0 13
3 8
1 8
