60 1000
32 54
22 57
29 50
27 46
6 28
21 28
4 36
28 41
47 54
32 44
5 57
35 41
23 26
6 54
30 51
41 57
18 45
15 30
13 58
44 56
0 17
12 17
1 28
13 20
2 27
0 55
24 52
14 43
54 58
4 5
19 39
26 54
0 45
56 58
5 24
34 52
27 39
23 53
4 35
25 53
2 47
32 35
22 42
55 56
35 46
6 41
36 41
10 36
34 41
17 39
7 44
31 51
37 44
11 41
18 36
42 57
12 50
36 55
10 14
43 52
8 18
13 51
37 54
11 15
44 55
9 19
48 50
17 25
41 56
49 51
0 14
24 59
14 50
3 11
1 15
25 58
15 43
4 12
2 12
26 49
0 36
24 33
46 52
3 17
1 33
4 42
2 38
8 45
5 43
20 21
33 59
40 42
7 55
10 47
6 11
17 24
41 43
31 56
5 53
9 50
8 9
6 58
43 45
17 50
13 44
44 46
10 19
49 52
26 30
50 51
12 29
27 31
19 53
0 59
24 40
20 54
27 53
4 17
19 27
2 33
26 34
22 36
36 56
20 28
27 43
16 20
30 36
28 44
41 44
31 33
11 39
18 22
40 55
12 32
36 37
10 48
5 59
7 56
37 56
9 29
42 53
14 26
43 56
2 51
39 54
11 19
5 12
15 57
13 25
19 58
24 47
14 38
1 51
25 46
21 48
19 32
2 56
26 45
0 40
3 37
27 32
33 53
6 18
21 26
4 38
8 33
7 27
31 46
5 39
35 43
30 49
36 44
10 59
34 44
17 44
5 19
14 29
38 46
15 24
12 19
1 18
49 56
2 25
0 9
16 21
14 32
3 4
25 55
15 44
19 41
52 57
0 47
22 54
5 6
1 46
28 31
6 21
21 35
4 45
2 45
32 37
22 40
29 35
9 37
16 24
6 47
30 56
10 34
34 39
8 14
7 29
37 42
11 43
18 34
7 16
12 44
36 49
10 12
8 20
29 30
9 17
41 54
38 59
50 54
3 13
23 42
19 46
2 10
24 35
22 30
1 39
25 34
21 44
4 20
2 36
8 47
3 57
33 57
16 31
21 22
4 50
7 39
31 58
11 32
18 29
40 50
12 43
41 53
10 55
43 47
9 26
25 31
15 20
28 32
26 28
0 7
14 59
12 31
15 50
13 30
22 49
1 56
25 43
47 56
21 53
19 29
52 53
22 58
5 18
20 30
27 45
23 35
30 42
28 46
34 57
17 23
7 28
22 28
29 47
9 57
23 25
40 57
12 34
25 51
17 41
7 58
13 35
18 46
14 24
12 56
10 24
43 58
32 46
39 48
11 21
48 56
12 22
1 31
15 59
2 28
0 52
24 49
14 36
8 12
51 59
25 44
4 26
19 34
2 54
26 43
5 27
20 37
21 42
1 43
23 56
6 16
30 45
28 37
22 23
29 40
35 45
9 34
33 45
6 42
36 46
34 42
17 34
7 51
31 54
37 47
11 52
18 41
42 58
16 57
38 44
12 55
43 51
15 26
44 52
0 21
12 13
45 57
1 16
13 16
2 31
0 11
24 56
1 13
1 10
18 51
2 49
26 50
22 52
20 44
3 44
1 44
23 49
47 52
21 33
4 47
7 18
22 46
3 50
9 43
16 26
6 45
34 37
17 27
38 39
12 46
8 22
44 51
18 58
48 54
45 50
10 20
20 41
11 25
50 52
14 54
3 15
1 3
4 8
19 48
2 8
0 56
5 13
20 43
3 21
27 48
1 37
25 32
30 31
4 22
28 59
22 33
3 59
9 44
16 17
30 33
10 43
41 47
31 36
32 59
42 44
16 55
40 52
36 58
18 38
17 54
13 40
11 56
18 53
23 57
14 23
10 31
25 29
39 53
11 30
0 25
1 4
13 28
19 57
2 3
14 35
51 52
9 24
21 51
16 41
26 46
32 53
22 56
20 24
53 54
33 48
6 31
21 29
34 55
30 35
7 30
31 45
5 58
29 45
33 42
40 59
30 50
7 52
13 33
11 49
31 35
14 30
38 43
15 31
39 50
48 58
6 51
1 29
49 59
2 26
24 51
20 57
1 55
25 50
15 35
9 48
0 44
56 57
5 25
20 39
3 41
6 22
21 38
4 34
28 39
32 34
55 57
35 47
33 35
6 40
30 53
36 40
34 40
7 45
31 48
11 54
18 39
8 17
58 59
37 55
6 59
13 14
50 59
24 58
14 45
32 42
25 59
26 48
24 32
20 46
3 46
1 34
18 55
6 9
7 12
3 52
9 41
33 36
6 32
40 41
4 55
10 46
34 35
8 50
11 47
35 58
16 50
17 51
37 48
44 45
9 21
24 27
8 51
25 26
49 53
7 37
11 27
0 4
12 28
27 28
4 10
19 50
2 6
53 57
20 53
27 50
1 59
25 38
21 40
19 24
2 32
26 37
5 21
29 56
27 40
23 38
6 26
30 39
16 51
10 41
6 8
8 57
41 45
22 25
23 28
40 54
12 39
17 52
41 55
11 58
9 30
42 52
14 21
38 54
43 57
15 16
39 55
11 16
0 27
12 27
1 26
19 59
14 33
15 36
4 31
2 59
26 44
32 55
5 30
20 26
3 34
27 33
33 54
17 21
54 59
34 53
8 32
5 56
29 43
35 40
33 40
16 32
6 55
17 45
7 54
31 53
18 42
14 28
38 41
2 48
39 44
0 18
12 18
1 19
49 57
13 19
2 24
0 8
24 53
14 40
20 59
15 45
21 58
4 6
2 50
26 55
56 59
5 7
1 47
57 58
6 20
21 36
4 44
28 33
22 43
0 5
3 49
9 38
16 39
6 46
30 59
36 42
10 37
34 38
8 13
31 50
11 40
18 37
10 15
43 55
17 56
13 50
37 53
11 14
44 48
9 18
48 51
38 58
45 53
1 20
49 50
2 19
50 57
32 38
1 14
25 57
4 13
19 47
2 13
24 34
46 53
1 32
47 48
4 43
19 21
8 46
7 14
20 22
3 54
9 47
23 43
30 34
10 44
17 31
16 25
11 33
18 28
16 52
40 49
12 42
10 54
43 44
17 49
23 39
39 56
11 29
26 31
14 58
12 30
27 30
15 51
19 52
2 4
26 57
24 41
5 9
20 55
46 50
27 52
1 57
21 54
4 18
19 26
26 35
22 37
28 54
20 29
33 51
23 32
6 24
4 56
34 56
32 40
31 32
9 58
23 52
23 30
36 38
17 42
7 59
13 36
9 28
42 50
14 27
29 55
15 18
0 29
1 24
15 56
8 54
6 56
3 30
51 56
25 45
15 38
4 25
19 35
26 42
5 28
20 36
3 36
27 35
19 51
30 44
54 57
34 51
8 34
31 41
5 38
9 35
33 46
16 34
30 54
36 45
10 56
34 45
17 35
35 48
16 56
18 20
43 48
15 27
39 46
13 55
44 59
45 58
1 17
2 22
0 10
24 55
14 46
3 7
1 11
25 54
21 56
1 49
22 51
26 53
22 55
46 48
20 35
53 59
47 53
21 34
28 35
8 41
7 19
29 34
9 36
33 39
23 44
34 36
17 36
0 1
36 50
10 13
8 21
13 48
44 50
14 15
45 51
2 17
50 55
1 12
15 52
19 49
0 39
7 23
5 14
20 42
3 18
27 49
1 38
25 33
6 13
21 43
4 21
19 23
5 35
7 8
22 32
5 40
29 59
3 56
33 56
23 37
40 45
30 32
4 51
17 29
7 38
22 26
5 50
11 35
9 55
6 57
12 36
36 57
10 52
8 26
8 28
13 41
18 52
39 58
11 31
14 56
12 24
1 5
13 29
19 54
9 53
14 34
51 53
47 59
21 52
23 29
28 49
26 33
22 59
20 31
53 55
3 25
23 34
21 30
4 58
28 47
34 54
7 31
3 39
29 46
23 24
12 35
17 40
0 15
18 47
42 48
10 25
15 37
15 28
48 57
12 23
15 58
2 29
0 53
24 50
14 37
18 50
4 27
19 37
2 55
26 40
22 50
20 38
27 37
1 42
6 17
34 49
8 36
32 33
31 43
29 39
33 44
30 52
10 38
11 55
9 11
12 48
36 53
43 50
17 59
13 53
44 53
0 22
12 14
45 56
13 15
2 20
22 27
14 44
1 9
15 41
19 42
2 14
26 51
22 53
20 45
3 47
47 55
21 32
4 40
6 15
8 43
7 13
40 51
3 53
9 42
23 46
6 34
5 55
11 44
7 20
16 49
12 47
16 45
43 46
7 35
0 13
9 22
24 26
10 21
25 27
49 54
30 47
50 53
14 55
3 14
15 54
28 30
24 38
46 57
20 52
9 25
4 23
7 10
22 38
29 57
3 58
27 41
16 18
6 37
30 38
8 56
7 32
31 39
5 48
11 37
18 24
42 45
16 40
36 59
8 30
41 48
37 58
9 31
42 55
14 20
8 52
10 28
39 52
11 17
26 27
12 26
1 27
0 48
24 45
19 30
3 29
51 55
8 15
28 51
2 58
