30 123
15 27
0 20
16 29
26 28
17 20
1 6
3 24
8 24
6 7
14 18
0 17
12 17
11 27
0 4
21 23
2 27
8 15
5 11
4 5
9 16
14 15
6 26
17 18
22 25
2 28
1 12
6 13
19 23
15 16
6 16
21 24
1 21
2 18
1 26
17 29
13 26
18 26
3 28
3 17
15 26
20 26
15 23
21 27
7 24
3 6
3 27
14 19
10 19
16 26
22 29
13 19
12 29
2 24
3 22
10 25
6 20
7 17
12 23
1 3
28 29
10 15
19 22
10 26
9 18
6 17
5 23
11 19
16 17
2 19
1 25
18 27
4 13
9 11
0 14
8 16
14 23
19 21
7 14
21 26
1 23
0 25
7 27
17 23
12 25
1 4
3 26
15 21
12 19
1 18
0 16
13 18
2 25
1 7
11 13
3 25
9 22
24 26
5 19
20 29
25 27
12 16
2 26
1 2
8 20
15 18
6 22
5 22
11 18
10 22
7 23
2 16
17 19
3 13
1 13
5 15
6 12
26 27
0 26
7 26
21 22
2 21
13 27
1 8
