50 400
26 47
30 41
32 44
29 44
18 19
33 41
17 46
11 48
14 31
15 30
14 43
15 34
4 5
5 24
27 39
4 35
28 32
7 25
29 37
35 46
9 39
33 34
16 38
36 41
10 36
34 41
8 12
18 36
10 14
3 11
1 15
28 49
20 47
47 49
21 46
8 45
20 21
16 29
6 32
17 24
41 43
13 44
44 46
9 20
24 28
11 26
26 30
0 5
27 31
15 48
26 34
22 36
27 43
23 33
6 27
30 36
28 44
7 34
42 43
16 42
15 19
12 20
13 25
15 39
0 40
3 37
27 32
30 47
28 43
32 46
35 43
36 44
43 49
0 19
0 9
3 4
15 44
5 6
3 42
6 21
2 45
23 45
34 39
8 14
7 46
18 34
12 44
44 49
10 22
17 37
24 35
3 19
25 34
6 12
2 36
7 9
22 35
16 31
40 44
30 35
10 45
17 30
42 46
8 27
10 17
25 31
26 28
24 42
5 8
28 48
20 30
23 35
21 31
23 25
17 41
37 38
12 22
13 23
2 28
24 49
14 36
27 34
28 37
7 21
22 23
29 40
35 45
9 34
38 44
13 16
2 23
0 11
14 47
2 49
23 36
46 49
1 44
21 33
29 33
9 43
33 38
6 45
34 37
18 32
13 47
24 37
20 43
3 21
27 48
1 37
4 22
2 34
26 39
16 17
30 33
17 28
41 47
12 37
13 40
25 29
1 4
14 35
25 41
26 46
5 16
28 40
33 42
17 47
11 49
38 43
11 23
0 16
12 16
2 26
14 42
15 35
0 44
20 39
6 14
32 34
5 35
16 37
6 40
36 40
31 48
37 45
9 10
48 49
1 22
2 21
15 40
19 45
2 15
26 48
6 9
4 41
7 12
22 44
23 41
11 47
37 48
44 45
9 21
24 27
10 18
25 26
28 31
6 26
17 18
22 25
16 41
13 38
10 29
11 16
0 27
12 27
26 44
3 34
6 29
30 46
33 40
16 32
34 47
1 19
13 19
0 8
3 5
0 46
5 7
20 33
3 43
8 39
7 17
29 36
9 38
36 42
17 38
44 48
9 18
0 15
16 22
3 10
1 14
19 47
24 34
20 40
47 48
4 43
8 46
22 34
17 31
41 42
11 33
40 49
43 44
8 26
9 27
24 29
14 16
45 46
15 21
0 6
27 30
1 7
13 31
24 41
26 35
5 19
35 37
18 23
17 42
13 36
9 28
10 27
39 49
11 18
0 29
12 21
1 24
2 31
3 30
25 45
19 35
5 28
6 19
32 47
33 46
16 34
36 45
35 48
18 40
39 46
13 17
15 47
0 32
46 48
6 10
21 34
4 46
7 19
29 34
16 25
6 44
17 36
9 14
12 45
8 21
14 49
1 12
3 18
1 38
25 33
6 13
21 43
4 21
19 23
5 40
40 45
10 42
43 46
9 25
14 22
25 30
11 31
26 29
0 24
20 49
25 42
19 28
5 17
3 33
33 49
16 23
17 40
42 48
15 28
0 31
12 23
13 22
26 40
8 36
32 33
31 43
29 39
6 43
10 38
17 33
31 49
37 46
39 40
8 10
13 15
15 41
2 14
20 45
1 35
23 48
6 8
8 43
22 47
5 45
9 42
6 34
10 33
17 26
18 33
16 49
12 47
8 23
24 26
45 49
10 21
3 14
4 9
2 9
24 38
29 31
3 20
25 39
21 41
19 25
7 10
22 38
5 22
23 39
6 37
30 38
18 24
42 45
16 40
12 38
14 20
38 49
25 28
11 17
26 27
0 48
25 40
15 37
4 30
