40 213
1 34
24 30
6 9
20 25
29 39
15 20
6 28
4 36
11 28
1 17
33 36
16 28
6 35
2 22
18 19
23 26
13 30
5 8
3 24
19 29
26 32
5 18
11 22
16 22
21 31
0 4
31 35
13 20
12 28
27 28
23 25
17 18
28 31
18 35
24 39
29 30
26 28
10 24
26 37
9 27
28 32
0 30
33 34
16 38
11 36
2 28
8 37
4 15
0 39
15 33
19 34
1 38
11 15
2 37
6 16
1 21
0 27
23 37
6 39
30 32
12 27
0 14
31 37
1 15
33 35
3 28
12 19
9 26
16 37
4 31
19 33
21 23
20 26
10 30
25 30
15 23
2 23
1 5
13 29
3 6
21 33
27 31
14 34
24 25
0 33
24 28
6 11
5 17
21 30
12 18
11 26
1 19
33 38
13 19
10 32
18 21
0 8
4 11
2 7
9 13
21 39
20 33
10 25
22 32
15 28
22 36
28 33
8 23
16 20
6 27
12 23
11 25
9 38
10 37
18 22
4 8
2 8
18 37
5 13
26 34
10 15
1 37
7 21
20 38
3 38
10 26
26 39
7 11
5 23
1 20
0 28
17 27
9 33
16 36
19 20
10 38
12 37
8 29
3 37
15 22
6 18
21 26
4 38
1 23
7 27
6 33
30 34
12 25
20 23
7 36
3 9
14 35
3 26
1 35
20 24
3 32
10 16
15 21
29 32
1 18
17 21
16 27
27 30
9 35
25 36
26 35
15 31
5 19
11 23
10 21
23 32
6 24
11 24
16 24
11 38
2 26
8 14
12 33
15 35
8 20
4 5
4 23
19 25
2 35
6 22
28 39
10 34
0 29
23 39
6 37
17 19
7 32
1 13
24 32
9 10
24 35
13 39
9 31
2 24
4 20
3 36
27 35
25 28
6 19
12 15
11 17
30 35
12 26
1 27
17 30
15 29
24 38
15 37
