90 1500
32 54
14 74
39 70
4 36
8 63
73 82
2 78
41 57
78 86
17 64
41 74
5 84
49 58
13 20
21 28
0 55
38 62
25 49
8 87
45 78
32 77
53 62
57 59
21 37
4 35
8 38
16 38
36 41
1 89
2 73
78 89
79 85
20 82
67 89
3 11
25 58
32 68
70 81
57 60
4 42
11 72
16 29
1 82
41 43
26 74
9 50
20 89
76 78
42 74
5 70
10 19
8 69
33 67
4 17
26 34
11 65
33 60
16 20
15 30
22 30
26 85
9 59
13 56
77 81
10 26
0 28
14 38
71 83
1 51
80 89
26 45
11 70
12 72
67 80
52 70
17 44
5 72
30 64
31 82
71 72
1 52
57 87
58 79
21 57
4 7
26 52
46 51
37 89
58 62
22 40
61 67
30 56
34 39
17 37
37 42
6 65
10 12
30 75
18 60
40 81
50 54
33 86
18 79
1 13
21 66
19 20
34 62
15 64
42 46
6 56
49 80
13 42
38 50
11 28
18 70
58 81
21 75
43 82
27 45
30 42
15 73
23 25
6 51
38 53
3 85
64 69
11 21
1 31
58 88
21 84
22 66
68 81
15 33
19 34
2 54
9 88
0 64
55 63
6 42
75 88
40 70
22 69
46 79
47 71
69 86
2 49
22 52
62 79
27 59
3 50
25 65
6 45
13 85
40 77
3 67
25 72
39 60
44 73
27 48
49 51
30 31
35 80
23 36
13 78
18 27
74 76
8 29
11 56
39 53
31 66
47 85
12 25
68 78
56 67
10 67
35 89
3 32
13 67
28 40
13 71
35 38
75 79
7 52
11 49
14 30
39 50
48 58
12 16
16 83
2 26
24 51
52 62
3 41
60 78
81 87
13 64
35 47
63 80
28 86
16 59
36 54
7 66
12 15
69 74
41 86
24 58
35 71
0 35
20 46
60 69
23 51
6 9
28 62
39 83
7 42
63 89
48 89
11 47
53 83
54 67
17 85
56 88
20 70
0 58
59 82
25 38
27 72
32 48
39 72
63 70
11 36
16 41
72 86
41 55
9 30
9 85
17 78
19 85
41 64
66 72
3 28
23 65
8 81
45 84
32 55
21 27
4 37
8 32
7 24
63 79
48 87
1 71
41 73
5 83
49 57
25 48
85 86
32 78
53 61
21 36
7 17
48 78
16 39
36 42
37 53
20 83
45 53
33 73
57 67
21 45
48 69
29 61
33 58
16 30
36 81
2 65
15 31
41 42
5 52
26 75
9 49
12 42
76 79
77 87
42 75
5 69
10 16
27 53
33 66
71 85
11 64
12 82
33 51
37 86
2 88
26 82
12 33
51 70
17 42
37 39
5 78
29 55
10 27
13 62
0 29
8 77
21 63
26 42
12 73
2 83
27 89
88 89
51 79
34 45
17 35
13 55
55 75
50 60
80 81
26 53
58 63
38 56
50 55
1 12
46 59
19 23
2 37
5 40
11 80
30 32
13 41
40 89
25 30
11 31
43 85
23 79
19 28
62 66
30 43
34 54
17 22
24 64
50 86
40 64
11 20
58 89
21 83
68 82
15 32
19 37
22 50
5 26
27 37
55 62
50 81
31 49
8 16
1 23
7 89
46 76
47 70
62 76
29 48
18 33
40 78
3 66
28 74
47 79
15 54
2 9
24 38
9 73
47 60
34 67
35 83
24 85
31 46
50 67
13 77
40 53
8 30
28 65
14 20
53 71
31 43
17 73
26 27
68 79
19 56
24 45
10 64
34 44
59 78
23 60
6 28
75 78
40 60
4 66
7 55
65 84
11 48
14 31
53 64
19 65
11 73
59 71
81 86
35 46
39 85
4 73
60 62
8 12
28 87
11 41
54 73
39 42
31 57
35 70
20 47
23 50
6 14
9 51
32 58
63 88
11 46
16 51
72 80
44 46
56 89
19 79
20 71
27 31
35 79
59 85
32 49
8 58
72 87
36 37
1 77
41 54
9 29
12 62
15 19
19 84
13 25
0 50
20 61
14 72
4 38
8 33
63 78
29 42
16 33
54 82
26 70
12 53
42 70
49 56
13 18
0 9
8 89
45 76
14 83
53 60
21 35
8 40
11 85
16 24
17 66
9 15
17 63
76 81
27 50
25 56
70 87
1 39
21 44
4 20
11 74
12 84
33 57
72 76
1 80
26 72
37 61
5 68
6 82
10 17
66 82
8 71
33 65
1 56
57 75
4 19
11 67
29 66
37 85
2 89
5 60
26 83
27 67
37 38
42 51
31 38
67 73
0 30
55 77
1 49
57 76
58 66
12 74
73 76
54 62
5 37
61 72
42 58
67 78
30 70
55 74
11 58
1 10
58 77
21 71
12 65
2 43
5 46
62 81
9 43
51 87
17 27
30 73
31 69
18 58
33 84
1 3
58 84
4 8
46 56
22 33
5 23
34 60
15 66
13 40
74 86
11 30
1 4
22 56
27 47
38 70
30 40
34 55
15 75
0 75
23 27
49 79
31 75
55 81
38 43
17 30
43 60
65 79
1 29
44 85
29 86
68 83
15 35
19 36
22 51
5 25
62 74
6 40
49 64
50 78
35 53
4 86
43 53
8 17
28 76
11 12
1 22
43 66
46 77
47 65
62 77
15 89
0 89
6 35
13 83
75 83
8 24
65 89
39 62
22 82
44 75
46 84
47 78
15 49
2 6
5 11
9 72
10 70
23 38
6 26
54 66
10 41
13 76
40 54
3 74
8 31
7 57
29 76
12 27
68 72
15 62
0 87
20 26
59 65
23 63
28 42
4 67
63 85
11 51
14 28
53 79
39 44
25 43
56 76
2 24
34 82
0 46
56 59
6 20
32 36
38 78
39 84
4 74
60 63
7 47
56 83
41 84
35 73
0 37
6 15
28 56
40 43
39 77
16 52
72 81
53 81
54 65
1 75
44 47
9 27
16 67
17 75
42 85
27 30
13 31
20 55
59 84
32 50
4 56
7 29
29 80
16 43
78 82
9 28
15 18
19 87
13 24
3 30
23 67
8 83
8 34
33 46
16 34
2 77
41 62
26 71
12 54
41 79
13 17
3 7
48 64
16 25
2 68
79 86
12 45
37 51
42 78
10 23
3 12
70 84
1 38
57 65
7 8
48 71
72 77
26 73
37 60
77 85
6 83
30 85
33 64
14 34
57 74
4 28
2 86
5 59
9 56
67 72
31 86
33 89
14 37
71 76
18 88
58 67
21 61
46 47
12 75
36 65
2 81
5 36
37 46
42 59
50 58
33 82
57 84
58 74
44 65
43 89
12 66
2 40
22 47
30 63
17 26
10 11
13 46
18 59
40 84
25 27
38 44
11 24
50 53
14 55
18 74
46 57
19 25
61 89
30 38
52 87
42 45
6 63
49 85
3 81
64 65
18 69
1 27
43 87
68 85
15 37
61 82
62 64
29 70
30 41
34 52
15 74
0 76
24 66
6 54
10 61
36 63
55 80
38 40
43 63
65 78
11 22
83 85
51 60
15 34
2 53
34 79
59 61
10 36
13 89
35 52
74 89
1 21
43 69
46 82
2 12
24 33
9 70
47 49
23 40
35 61
75 82
43 45
64 86
65 88
28 68
44 68
46 85
12 29
16 88
2 7
9 79
35 85
24 87
25 79
28 44
74 75
3 77
7 56
11 61
53 69
7 73
47 86
56 70
19 58
2 30
10 78
34 88
20 27
59 64
81 83
13 68
38 84
38 39
29 68
53 78
19 67
2 25
34 83
6 21
32 37
38 79
39 87
4 75
8 14
7 46
28 81
16 62
36 49
24 61
35 72
3 19
60 64
25 34
82 85
28 57
40 44
21 22
11 32
16 53
53 80
6 23
41 51
20 65
42 82
66 76
25 62
23 69
28 48
84 85
14 71
21 31
63 67
29 47
16 44
20 72
13 23
0 52
23 66
8 84
39 66
8 35
7 21
29 40
33 45
16 35
1 68
41 61
17 68
20 87
42 68
5 80
0 11
45 74
32 65
70 82
21 33
29 33
33 38
36 85
26 79
9 13
37 50
42 79
45 50
10 20
49 55
0 2
23 80
9 54
32 88
71 89
21 42
4 22
7 11
11 76
1 86
41 47
27 76
17 54
0 25
33 71
70 76
71 86
4 29
12 77
33 48
37 83
61 77
9 63
30 50
17 47
42 49
5 75
6 75
0 16
32 86
14 42
71 79
18 89
1 55
21 60
36 66
2 46
61 70
9 32
39 76
30 53
42 56
6 66
62 63
30 68
50 59
33 81
21 69
80 84
26 48
46 55
12 67
22 44
5 44
49 83
30 79
31 71
17 20
38 63
17 24
21 78
26 59
19 24
22 39
27 40
30 39
52 80
10 51
38 54
43 57
1 26
31 70
44 88
19 33
22 62
30 46
34 53
0 77
49 77
50 85
55 83
27 69
22 70
15 45
19 38
22 49
5 7
10 82
15 82
3 49
10 37
49 70
13 88
4 80
43 55
64 80
11 14
43 68
47 67
19 47
2 13
47 48
3 54
23 43
31 59
40 49
3 71
8 26
14 16
39 56
26 31
7 83
12 30
56 64
19 52
2 4
24 41
5 9
9 78
10 68
47 57
37 77
59 74
25 78
31 32
38 82
3 76
11 60
14 27
53 68
39 49
12 21
56 71
2 31
24 48
0 41
3 36
59 67
6 19
28 36
32 47
31 41
11 53
16 56
34 84
24 55
34 80
35 66
0 32
20 35
3 45
59 88
6 10
32 38
38 76
4 52
7 41
28 82
36 50
56 85
2 17
31 42
0 39
3 18
60 65
25 33
32 61
39 79
63 69
11 35
16 54
72 83
54 71
17 77
41 50
9 25
15 23
20 66
66 77
0 62
20 49
23 68
45 87
84 86
53 55
39 68
8 61
48 84
11 88
15 28
41 68
5 86
66 68
0 53
60 87
8 36
7 20
29 39
54 81
41 60
12 48
17 59
41 77
0 12
32 66
53 57
21 32
4 40
8 43
12 88
2 66
37 49
66 86
0 3
25 61
8 67
29 79
32 89
33 77
71 88
1 36
21 41
12 87
33 62
16 18
1 85
5 48
26 87
42 55
67 69
8 74
33 70
1 61
58 70
21 50
11 68
33 55
36 68
5 57
61 76
52 68
5 74
18 86
4 5
26 54
36 67
5 34
9 39
34 41
17 39
37 44
6 67
18 81
1 15
4 12
80 85
26 49
62 84
30 61
52 74
15 70
36 61
13 44
58 83
43 80
26 56
19 27
5 20
27 43
30 36
15 79
42 43
23 31
10 48
3 83
64 67
18 67
22 76
43 73
46 70
68 87
2 56
22 63
61 80
62 70
34 50
55 61
24 68
55 82
40 68
22 71
44 80
83 87
19 41
2 51
5 6
55 58
24 75
10 34
50 77
35 54
43 54
8 20
21 88
43 71
44 79
2 10
5 15
27 62
37 78
20 23
10 45
13 80
74 78
40 50
4 88
14 17
52 57
44 70
47 75
27 55
47 56
52 53
31 35
35 36
18 20
38 83
65 87
53 67
44 61
12 22
68 75
16 81
15 59
19 60
24 49
10 76
20 37
3 39
59 66
23 56
13 66
38 74
4 78
8 9
7 51
28 84
11 52
54 74
39 41
44 52
7 64
48 63
69 76
56 79
34 81
35 69
56 62
60 75
23 49
32 39
39 81
8 48
28 83
44 51
9 23
17 87
20 43
23 78
28 59
14 66
38 68
39 78
16 55
41 49
9 24
17 72
20 67
42 80
66 74
20 50
45 86
84 87
14 69
53 54
4 59
7 30
48 85
29 45
16 46
73 83
78 81
17 65
19 88
5 85
45 62
49 59
0 54
8 86
32 76
14 76
53 63
1 41
21 38
48 76
29 38
36 40
9 10
17 58
20 81
41 76
13 14
3 8
32 67
21 47
29 63
36 87
1 83
79 83
27 73
17 51
20 88
24 27
5 71
10 18
30 81
23 82
8 68
57 70
26 28
29 56
33 61
5 63
26 84
12 39
51 68
42 52
5 64
8 75
33 69
14 33
58 71
21 49
4 31
80 88
26 44
29 49
73 79
54 59
5 56
34 47
5 73
6 73
0 18
71 73
57 80
21 58
2 44
5 33
62 82
9 38
34 38
17 38
10 15
49 88
30 74
31 88
55 70
38 58
50 57
14 51
18 78
46 53
22 34
5 42
62 85
27 85
30 34
52 75
15 65
13 73
10 54
18 54
40 87
64 77
11 29
14 58
58 80
21 76
43 83
37 76
50 88
31 78
43 59
65 74
14 61
18 64
1 24
46 71
15 38
62 71
27 35
86 89
34 51
15 87
55 60
10 56
50 83
40 69
65 67
1 17
47 68
69 87
22 55
31 50
27 56
0 70
10 35
49 68
50 74
31 60
35 57
18 35
8 21
64 82
65 68
39 61
43 70
7 84
47 77
5 14
34 69
23 37
6 39
10 42
75 87
4 89
43 46
11 57
7 77
47 74
69 89
19 54
20 31
3 33
59 76
23 34
75 76
40 58
4 64
29 72
25 86
44 62
7 74
48 57
24 50
10 77
28 38
13 65
8 10
28 85
11 55
16 58
53 75
47 88
12 14
16 73
56 80
2 20
0 34
3 47
23 48
6 8
4 54
7 43
48 88
36 60
9 22
48 55
20 69
41 88
42 86
36 52
28 52
40 47
4 61
8 56
29 83
16 40
72 85
54 69
78 79
15 17
20 76
42 81
25 40
45 85
28 51
